RESULTSET_BEGIN
92224 1 0 0
-355359.705797 0.000000 24229.348329
229430.745102 5781.466932 -2454.694382
5781.466932 226184.623759 -7867.535225
-2454.694382 -7867.535225 252281.168869
0.000000 0.000000 0.000000
0.000000 0.000000 0.000000
0.000000 0.000000 0.000000
0.000000 -0.000000 0.000000 24.034240
0.000000 0.000000 0.000000 0.000000
0.000000 -0.000000 0.000000 24.034240
RESULTSET_END
RESULTSET_BEGIN
92224 1 1 0
-355359.705797 1175488.426964 24229.348329
229430.745102 5781.466932 -2454.694382
5781.466932 226184.623759 -7867.535225
-2454.694382 -7867.535225 252281.168869
5180.324284 277.843622 -1135.837232
277.843622 2960.457709 -681.816292
-1135.837232 -681.816292 4515.105462
0.000000 -0.000000 0.000000 24.034240
-0.000000 -0.000000 0.000000 0.654402
0.000000 -0.000000 0.000000 24.079992
RESULTSET_END
RESULTSET_BEGIN
92224 1 1 1
0.000000 820128.721167 24229.348329
0.000000 0.000000 0.000000
0.000000 0.000000 0.000000
0.000000 0.000000 0.000000
234611.069385 6059.310554 -3590.531615
6059.310554 229145.081468 -8549.351518
-3590.531615 -8549.351518 256796.274331
0.000000 0.000000 0.000000 0.000000
0.000000 -0.000000 0.000000 24.079992
0.000000 -0.000000 0.000000 24.079992
RESULTSET_END
RESULTSET_BEGIN
92224 0 0 0
0.000000 0.000000 0.000000
229430.745102 5781.466932 -2454.694382
5781.466932 226184.623759 -7867.535225
-2454.694382 -7867.535225 252281.168869
0.000000 0.000000 0.000000
0.000000 0.000000 0.000000
0.000000 0.000000 0.000000
0.000000 -0.000000 0.000000 24.034240
0.000000 0.000000 0.000000 0.000000
0.000000 -0.000000 0.000000 24.034240
RESULTSET_END
RESULTSET_BEGIN
92224 0 1 0
0.000000 0.000000 0.000000
229430.745102 5781.466932 -2454.694382
5781.466932 226184.623759 -7867.535225
-2454.694382 -7867.535225 252281.168869
5180.324284 277.843622 -1135.837232
277.843622 2960.457709 -681.816292
-1135.837232 -681.816292 4515.105462
0.000000 -0.000000 0.000000 24.034240
-0.000000 -0.000000 0.000000 0.654402
0.000000 -0.000000 0.000000 24.079992
RESULTSET_END
RESULTSET_BEGIN
92224 0 1 1
0.000000 0.000000 0.000000
0.000000 0.000000 0.000000
0.000000 0.000000 0.000000
0.000000 0.000000 0.000000
234611.069385 6059.310554 -3590.531615
6059.310554 229145.081468 -8549.351518
-3590.531615 -8549.351518 256796.274331
0.000000 0.000000 0.000000 0.000000
0.000000 -0.000000 0.000000 24.079992
0.000000 -0.000000 0.000000 24.079992
RESULTSET_END
RESULTSET_BEGIN
92224 1 0 0
-356465.150502 0.000000 33680.618699
265351.822132 -2070.030670 -13318.969348
-2070.030670 273835.445950 8212.207469
-13318.969348 8212.207469 292154.403461
0.000000 0.000000 0.000000
0.000000 0.000000 0.000000
0.000000 0.000000 0.000000
0.000000 -0.000000 -0.000000 26.588974
0.000000 0.000000 0.000000 0.000000
0.000000 -0.000000 -0.000000 26.588974
RESULTSET_END
RESULTSET_BEGIN
92224 1 1 0
-356465.150502 1175417.369668 33680.618699
265351.822132 -2070.030670 -13318.969348
-2070.030670 273835.445950 8212.207469
-13318.969348 8212.207469 292154.403461
4909.733921 98.529386 -1191.641734
98.529386 2945.649322 -694.062847
-1191.641734 -694.062847 4373.947856
0.000000 -0.000000 -0.000000 26.588974
-0.000000 -0.000000 0.000000 0.664412
0.000000 -0.000000 -0.000000 26.626132
RESULTSET_END
RESULTSET_BEGIN
92224 1 1 1
0.000000 818952.219166 33680.618699
0.000000 0.000000 0.000000
0.000000 0.000000 0.000000
0.000000 0.000000 0.000000
270261.556053 -1971.501284 -14510.611082
-1971.501284 276781.095272 7518.144622
-14510.611082 7518.144622 296528.351317
0.000000 0.000000 0.000000 0.000000
0.000000 -0.000000 -0.000000 26.626132
0.000000 -0.000000 -0.000000 26.626132
RESULTSET_END
RESULTSET_BEGIN
92224 0 0 0
0.000000 0.000000 0.000000
265351.822132 -2070.030670 -13318.969348
-2070.030670 273835.445950 8212.207469
-13318.969348 8212.207469 292154.403461
0.000000 0.000000 0.000000
0.000000 0.000000 0.000000
0.000000 0.000000 0.000000
0.000000 -0.000000 -0.000000 26.588974
0.000000 0.000000 0.000000 0.000000
0.000000 -0.000000 -0.000000 26.588974
RESULTSET_END
RESULTSET_BEGIN
92224 0 1 0
0.000000 0.000000 0.000000
265351.822132 -2070.030670 -13318.969348
-2070.030670 273835.445950 8212.207469
-13318.969348 8212.207469 292154.403461
4909.733921 98.529386 -1191.641734
98.529386 2945.649322 -694.062847
-1191.641734 -694.062847 4373.947856
0.000000 -0.000000 -0.000000 26.588974
-0.000000 -0.000000 0.000000 0.664412
0.000000 -0.000000 -0.000000 26.626132
RESULTSET_END
RESULTSET_BEGIN
92224 0 1 1
0.000000 0.000000 0.000000
0.000000 0.000000 0.000000
0.000000 0.000000 0.000000
0.000000 0.000000 0.000000
270261.556053 -1971.501284 -14510.611082
-1971.501284 276781.095272 7518.144622
-14510.611082 7518.144622 296528.351317
0.000000 0.000000 0.000000 0.000000
0.000000 -0.000000 -0.000000 26.626132
0.000000 -0.000000 -0.000000 26.626132
RESULTSET_END
